725888341 86282489 843183510
3782717746 1630698708 99613080
2529768467 2786969418 347392693
2195908552 2059541517 89214959
3062107482 2168182310 90554707
1730470902 3134362111 465437650
2964061476 2688923412 98046006
2285123511 2358509211 13167510
2877161160 3875960109 61807956
0 929465999 639605852
3484769060 2148756476 19425834
2298291021 1730311788 170053852
639605852 0 86282489
3504194894 2371676721 119346975
4275382932 3599799761 19584364
2468344873 2491023696 61423594
3623541869 1900365640 159175877
4138906810 2552447290 136476122
3918976473 3656029772 219930337
2938969116 4269874936 25092360
3882330826 3619384125 36645647
3152662189 3937768065 332106871
1630698708 2258737017 99772194