1548505089 767179152 4433418
3833169479 2956286720 133538400
2966709060 3309731935 102304094
1552938507 844050660 203612289
4257043426 3089825120 37923870
2862957901 3567999512 28008008
127112704 319767838 4466599
840317941 174506417 34039792
2890965909 3596007520 40520529
15787022 2007458428 111325682
2398090681 21771313 152735104
1094590916 1294380254 4387553
517844904 840169267 3881393
2556445662 1535118242 8735340
1266005567 2376897884 172496096
874357733 1314885059 220233183
3696946976 2820064217 136222503
2271345339 208546209 111221629
703336145 477538609 136981796
389299157 1710880680 59057725
4183266377 2766992510 22982117
521726297 324234437 53105792
1438501663 1881931289 110003426
131579303 1298767807 16117252
2102535156 614520405 152658747
0 2549393980 15787022
1098978469 1543853582 167027098
3966707879 2789974627 30089590
2255193903 0 16151436
1756550796 377340229 100198380
574832089 2360386712 16511172
2382566968 1991934715 15523713
3069013154 3636528049 627933822
2766992510 3178543922 79332992
2931486438 3274509313 35222622
3996797469 4264461871 30505425
2846325502 3257876914 16632399
2033978459 771612570 68556697
4206248494 3127748990 50794932
2550825785 16151436 5619877
591343261 1769938405 111992884
448356882 1047662949 69488022
4027302894 3412036029 155963483
147696555 2118784110 241602602
1856749176 1117150971 177229283